0.138182	 100.000000	
0.138182	 100.000000	
0.138182	 100.000000	
0.138182	 100.000000	
0.140294	 100.000000	
0.140294	 100.000000	
0.148294	 100.000000	
0.148294	 100.000000	
0.149294	 100.000000	
0.149294	 100.000000	
0.150396	 100.000000	
0.150396	 100.000000	
0.150396	 100.000000	
0.151396	 100.000000	
0.151396	 100.000000	
0.151396	 100.000000	
0.152500	 100.000000	
0.152500	 100.000000	
0.152500	 100.000000	
0.153500	 100.000000	
0.153500	 100.000000	
0.153500	 100.000000	
0.154677	 100.000000	
0.155677	 100.000000	
0.314337	 100.000000	
0.314337	 100.000000	
0.314337	 100.000000	
0.314337	 100.000000	
0.316449	 100.000000	
0.316449	 100.000000	
0.317449	 100.000000	
0.317449	 100.000000	
0.319551	 100.000000	
0.319551	 100.000000	
0.319551	 100.000000	
0.321655	 100.000000	
0.321655	 100.000000	
0.321655	 100.000000	
0.323832	 100.000000	
0.325449	 100.000000	
0.325449	 100.000000	
0.327551	 100.000000	
0.327551	 100.000000	
0.327551	 100.000000	
0.329655	 100.000000	
0.329655	 100.000000	
0.329655	 100.000000	
0.331832	 100.000000	
0.479529	 100.000000	
0.479529	 100.000000	
0.479529	 100.000000	
0.479529	 100.000000	
0.479529	 100.000000	
0.479529	 100.000000	
0.481641	 100.000000	
0.481641	 100.000000	
0.481641	 100.000000	
0.481641	 100.000000	
0.481641	 100.000000	
0.481641	 100.000000	
0.481641	 100.000000	
0.483641	 100.000000	
0.483641	 100.000000	
0.483744	 100.000000	
0.483744	 100.000000	
0.483744	 100.000000	
0.483744	 100.000000	
0.483744	 100.000000	
0.483744	 100.000000	
0.485744	 100.000000	
0.485744	 100.000000	
0.485744	 100.000000	
0.485847	 100.000000	
0.485847	 100.000000	
0.485847	 100.000000	
0.485847	 100.000000	
0.485847	 100.000000	
0.485847	 100.000000	
0.487847	 100.000000	
0.487847	 100.000000	
0.487847	 100.000000	
0.488120	 100.000000	
0.488120	 100.000000	
0.490024	 100.000000	
0.720582	 100.000000	
0.720582	 100.000000	
0.720582	 100.000000	
0.720582	 100.000000	
0.720582	 100.000000	
0.720582	 100.000000	
0.722694	 100.000000	
0.722694	 100.000000	
0.722694	 100.000000	
0.722694	 100.000000	
0.722694	 100.000000	
0.724796	 100.000000	
0.724796	 100.000000	
0.724796	 100.000000	
0.726694	 100.000000	
0.726694	 100.000000	
0.726900	 100.000000	
0.726900	 100.000000	
0.726900	 100.000000	
0.728796	 100.000000	
0.728796	 100.000000	
0.728796	 100.000000	
0.729173	 100.000000	
0.730694	 100.000000	
0.730694	 100.000000	
0.730900	 100.000000	
0.730900	 100.000000	
0.730900	 100.000000	
0.732796	 100.000000	
0.732796	 100.000000	
0.732796	 100.000000	
0.733173	 100.000000	
0.734900	 100.000000	
0.734900	 100.000000	
0.734900	 100.000000	
0.737205	 100.000000	
1.001000	 100.000000	
1.001000	 100.000000	
1.003100	 100.000000	
1.003100	 100.000000	
1.003100	 100.000000	
1.005210	 100.000000	
1.005210	 100.000000	
1.005210	 100.000000	
1.008920	 100.000000	
1.416090	 100.000000	
1.416090	 100.000000	
1.416090	 100.000000	
1.416090	 100.000000	
1.418330	 100.000000	
1.418330	 100.000000	
2.000000	 100.000000	
2.000000	 100.000000	
2.003710	 100.000000	
2.844650	 100.000000	
2.844650	 100.000000	
2.844650	 100.000000	
2.844650	 100.000000	
2.846890	 100.000000	
2.846890	 100.000000	
3.000000	 100.000000	
3.000000	 100.000000	
3.003710	 100.000000	
3.641350	 100.000000	
3.641350	 100.000000	
3.641350	 100.000000	
3.641350	 100.000000	
3.641350	 100.000000	
3.641350	 100.000000	
3.643620	 100.000000	
3.643620	 100.000000	
3.643620	 100.000000	
4.000000	 100.000000	
4.000000	 100.000000	
4.003710	 100.000000	
4.003710	 100.000000	
4.003710	 100.000000	
4.007420	 100.000000	
4.007420	 100.000000	
4.007420	 100.000000	
4.011140	 100.000000	
4.011140	 100.000000	
4.011140	 100.000000	
4.014850	 100.000000	
4.014850	 100.000000	
4.014850	 100.000000	
4.016950	 100.000000	
4.016950	 100.000000	
4.016950	 100.000000	
4.019050	 100.000000	
4.019050	 100.000000	
4.019050	 100.000000	
4.022770	 100.000000	
4.028770	 100.000000	
4.028770	 100.000000	
4.030870	 100.000000	
4.030870	 100.000000	
4.030870	 100.000000	
4.032970	 100.000000	
4.032970	 100.000000	
4.032970	 100.000000	
4.036690	 100.000000	
4.036690	 100.000000	
4.036690	 100.000000	
4.040400	 100.000000	
4.040400	 100.000000	
4.040400	 100.000000	
4.044110	 100.000000	
4.046110	 100.000000	
4.046110	 100.000000	
4.048210	 100.000000	
4.048210	 100.000000	
4.048210	 100.000000	
4.050320	 100.000000	
4.050320	 100.000000	
4.050320	 100.000000	
4.054030	 100.000000	
4.573330	 100.000000	
4.573330	 100.000000	
4.573330	 100.000000	
4.573330	 100.000000	
4.575440	 100.000000	
4.575440	 100.000000	
4.933840	 100.000000	
4.933840	 100.000000	
4.933840	 100.000000	
4.933840	 100.000000	
4.933840	 100.000000	
4.933840	 100.000000	
4.936110	 100.000000	
4.936110	 100.000000	
4.936110	 100.000000	
5.000000	 100.000000	
5.000000	 100.000000	
5.003710	 100.000000	
5.003710	 100.000000	
5.003710	 100.000000	
5.007420	 100.000000	
5.007420	 100.000000	
5.007420	 100.000000	
5.011140	 100.000000	
5.011140	 100.000000	
5.011140	 100.000000	
5.014850	 100.000000	
5.014850	 100.000000	
5.014850	 100.000000	
5.018560	 100.000000	
5.018560	 100.000000	
5.018560	 100.000000	
5.022270	 100.000000	
5.022270	 100.000000	
5.022270	 100.000000	
5.025990	 100.000000	
5.025990	 100.000000	
5.025990	 100.000000	
5.029700	 100.000000	
6.000000	 100.000000	
6.000000	 100.000000	
6.003710	 100.000000	
6.003710	 100.000000	
6.003710	 100.000000	
6.007420	 100.000000	
6.007420	 100.000000	
6.007420	 100.000000	
6.011140	 100.000000	
6.011140	 100.000000	
6.011140	 100.000000	
6.014850	 100.000000	
6.014850	 100.000000	
6.014850	 100.000000	
6.018560	 100.000000	
6.018560	 100.000000	
6.018560	 100.000000	
6.022270	 100.000000	
6.022270	 100.000000	
6.022270	 100.000000	
6.025990	 100.000000	
6.025990	 100.000000	
6.025990	 100.000000	
6.029700	 100.000000	
7.000000	 100.000000	
7.000000	 100.000000	
7.003710	 100.000000	
7.003710	 100.000000	
7.003710	 100.000000	
7.007420	 100.000000	
7.007420	 100.000000	
7.007420	 100.000000	
7.011140	 100.000000	
7.011140	 100.000000	
7.011140	 100.000000	
7.014850	 100.000000	
7.014850	 100.000000	
7.014850	 100.000000	
7.018560	 100.000000	
7.018560	 100.000000	
7.018560	 100.000000	
7.022270	 100.000000	
7.022270	 100.000000	
7.022270	 100.000000	
7.025990	 100.000000	
7.025990	 100.000000	
7.025990	 100.000000	
7.029700	 100.000000	
7.948580	 100.000000	
7.948580	 100.000000	
7.948580	 100.000000	
7.948580	 100.000000	
7.950690	 100.000000	
7.950690	 100.000000	
8.000000	 100.000000	
8.000000	 100.000000	
8.003710	 100.000000	
8.003710	 100.000000	
8.003710	 100.000000	
8.007420	 100.000000	
8.007420	 100.000000	
8.007420	 100.000000	
8.011140	 100.000000	
8.011140	 100.000000	
8.011140	 100.000000	
8.014850	 100.000000	
8.014850	 100.000000	
8.014850	 100.000000	
8.018560	 100.000000	
8.018560	 100.000000	
8.018560	 100.000000	
8.022270	 100.000000	
8.022270	 100.000000	
8.022270	 100.000000	
8.025990	 100.000000	
8.025990	 100.000000	
8.025990	 100.000000	
8.029700	 100.000000	
8.538090	 100.000000	
8.538090	 100.000000	
8.538090	 100.000000	
8.538090	 100.000000	
8.540230	 100.000000	
8.540230	 100.000000	
9.000000	 100.000000	
9.000000	 100.000000	
9.003710	 100.000000	
9.003710	 100.000000	
9.003710	 100.000000	
9.007420	 100.000000	
9.007420	 100.000000	
9.007420	 100.000000	
9.011140	 100.000000	
9.011140	 100.000000	
9.011140	 100.000000	
9.014850	 100.000000	
9.014850	 100.000000	
9.014850	 100.000000	
9.018560	 100.000000	
9.018560	 100.000000	
9.018560	 100.000000	
9.022270	 100.000000	
9.022270	 100.000000	
9.022270	 100.000000	
9.025990	 100.000000	
9.025990	 100.000000	
9.025990	 100.000000	
9.029700	 100.000000	
10.000000	 100.000000	
10.000000	 100.000000	
10.003700	 100.000000	
10.003700	 100.000000	
10.003700	 100.000000	
10.007400	 100.000000	
10.007400	 100.000000	
10.007400	 100.000000	
10.011100	 100.000000	
10.011100	 100.000000	
10.011100	 100.000000	
10.014800	 100.000000	
10.014800	 100.000000	
10.014800	 100.000000	
10.018600	 100.000000	
10.018600	 100.000000	
10.018600	 100.000000	
10.022300	 100.000000	
10.022300	 100.000000	
10.022300	 100.000000	
10.026000	 100.000000	
10.026000	 100.000000	
10.026000	 100.000000	
10.029700	 100.000000	
11.000000	 100.000000	
11.000000	 100.000000	
11.003700	 100.000000	
11.003700	 100.000000	
11.003700	 100.000000	
11.007400	 100.000000	
11.007400	 100.000000	
11.007400	 100.000000	
11.011100	 100.000000	
11.011100	 100.000000	
11.011100	 100.000000	
11.014800	 100.000000	
11.014800	 100.000000	
11.014800	 100.000000	
11.018600	 100.000000	
11.018600	 100.000000	
11.018600	 100.000000	
11.022300	 100.000000	
11.022300	 100.000000	
11.022300	 100.000000	
11.026000	 100.000000	
11.026000	 100.000000	
11.026000	 100.000000	
11.029700	 100.000000	
12.000000	 100.000000	
12.000000	 100.000000	
12.003700	 100.000000	
12.003700	 100.000000	
12.003700	 100.000000	
12.007400	 100.000000	
12.007400	 100.000000	
12.007400	 100.000000	
12.011100	 100.000000	
12.011100	 100.000000	
12.011100	 100.000000	
12.014800	 100.000000	
12.014800	 100.000000	
12.014800	 100.000000	
12.018600	 100.000000	
12.018600	 100.000000	
12.018600	 100.000000	
12.022300	 100.000000	
12.022300	 100.000000	
12.022300	 100.000000	
12.026000	 100.000000	
12.026000	 100.000000	
12.026000	 100.000000	
12.029700	 100.000000	
13.000000	 100.000000	
13.000000	 100.000000	
13.003700	 100.000000	
13.003700	 100.000000	
13.003700	 100.000000	
13.007400	 100.000000	
13.007400	 100.000000	
13.007400	 100.000000	
13.011100	 100.000000	
13.011100	 100.000000	
13.011100	 100.000000	
13.014800	 100.000000	
13.014800	 100.000000	
13.014800	 100.000000	
13.018600	 100.000000	
13.018600	 100.000000	
13.018600	 100.000000	
13.022300	 100.000000	
13.022300	 100.000000	
13.022300	 100.000000	
13.026000	 100.000000	
13.026000	 100.000000	
13.026000	 100.000000	
13.029700	 100.000000	
14.000000	 100.000000	
14.000000	 100.000000	
14.003700	 100.000000	
14.003700	 100.000000	
14.003700	 100.000000	
14.007400	 100.000000	
14.007400	 100.000000	
14.007400	 100.000000	
14.011100	 100.000000	
14.011100	 100.000000	
14.011100	 100.000000	
14.014800	 100.000000	
14.014800	 100.000000	
14.014800	 100.000000	
14.018600	 100.000000	
14.018600	 100.000000	
14.018600	 100.000000	
14.022300	 100.000000	
14.022300	 100.000000	
14.022300	 100.000000	
14.026000	 100.000000	
14.026000	 100.000000	
14.026000	 100.000000	
14.029700	 100.000000	
15.000000	 100.000000	
15.000000	 100.000000	
15.003700	 100.000000	
15.003700	 100.000000	
15.003700	 100.000000	
15.007400	 100.000000	
15.007400	 100.000000	
15.007400	 100.000000	
15.011100	 100.000000	
15.011100	 100.000000	
15.011100	 100.000000	
15.014800	 100.000000	
15.014800	 100.000000	
15.014800	 100.000000	
15.018600	 100.000000	
15.018600	 100.000000	
15.018600	 100.000000	
15.022300	 100.000000	
15.022300	 100.000000	
15.022300	 100.000000	
15.026000	 100.000000	
15.026000	 100.000000	
15.026000	 100.000000	
15.029700	 100.000000	
16.000000	 100.000000	
16.000000	 100.000000	
16.003700	 100.000000	
16.003700	 100.000000	
16.003700	 100.000000	
16.007400	 100.000000	
16.007400	 100.000000	
16.007400	 100.000000	
16.011100	 100.000000	
16.011100	 100.000000	
16.011100	 100.000000	
16.014800	 100.000000	
16.014800	 100.000000	
16.014800	 100.000000	
16.018600	 100.000000	
16.018600	 100.000000	
16.018600	 100.000000	
16.022300	 100.000000	
16.022300	 100.000000	
16.022300	 100.000000	
16.026000	 100.000000	
16.026000	 100.000000	
16.026000	 100.000000	
16.029700	 100.000000	
17.000000	 100.000000	
17.000000	 100.000000	
17.003700	 100.000000	
17.003700	 100.000000	
17.003700	 100.000000	
17.007400	 100.000000	
17.007400	 100.000000	
17.007400	 100.000000	
17.011100	 100.000000	
17.011100	 100.000000	
17.011100	 100.000000	
17.014800	 100.000000	
17.014800	 100.000000	
17.014800	 100.000000	
17.018600	 100.000000	
17.018600	 100.000000	
17.018600	 100.000000	
17.022300	 100.000000	
17.022300	 100.000000	
17.022300	 100.000000	
17.026000	 100.000000	
17.026000	 100.000000	
17.026000	 100.000000	
17.029700	 100.000000	
18.000000	 100.000000	
18.000000	 100.000000	
18.003700	 100.000000	
18.003700	 100.000000	
18.003700	 100.000000	
18.007400	 100.000000	
18.007400	 100.000000	
18.007400	 100.000000	
18.011100	 100.000000	
18.011100	 100.000000	
18.011100	 100.000000	
18.014800	 100.000000	
18.014800	 100.000000	
18.014800	 100.000000	
18.018600	 100.000000	
18.018600	 100.000000	
18.018600	 100.000000	
18.022300	 100.000000	
18.022300	 100.000000	
18.022300	 100.000000	
18.026000	 100.000000	
18.026000	 100.000000	
18.026000	 100.000000	
18.029700	 100.000000	
19.000000	 100.000000	
19.000000	 100.000000	
19.003700	 100.000000	
19.003700	 100.000000	
19.003700	 100.000000	
19.007400	 100.000000	
19.007400	 100.000000	
19.007400	 100.000000	
19.011100	 100.000000	
19.011100	 100.000000	
19.011100	 100.000000	
19.014800	 100.000000	
19.014800	 100.000000	
19.014800	 100.000000	
19.018600	 100.000000	
19.018600	 100.000000	
19.018600	 100.000000	
19.022300	 100.000000	
19.022300	 100.000000	
19.022300	 100.000000	
19.026000	 100.000000	
19.026000	 100.000000	
19.026000	 100.000000	
19.029700	 100.000000	
20.000000	 100.000000	
20.000000	 100.000000	
20.003700	 100.000000	
20.003700	 100.000000	
20.003700	 100.000000	
20.007400	 100.000000	
20.007400	 100.000000	
20.007400	 100.000000	
20.011100	 100.000000	
20.011100	 100.000000	
20.011100	 100.000000	
20.014800	 100.000000	
20.014800	 100.000000	
20.014800	 100.000000	
20.018600	 100.000000	
20.018600	 100.000000	
20.018600	 100.000000	
20.022300	 100.000000	
20.022300	 100.000000	
20.022300	 100.000000	
20.026000	 100.000000	
20.026000	 100.000000	
20.026000	 100.000000	
20.029700	 100.000000	
21.000000	 100.000000	
21.000000	 100.000000	
21.003700	 100.000000	
21.003700	 100.000000	
21.003700	 100.000000	
21.007400	 100.000000	
21.007400	 100.000000	
21.007400	 100.000000	
21.011100	 100.000000	
21.011100	 100.000000	
21.011100	 100.000000	
21.014800	 100.000000	
21.014800	 100.000000	
21.014800	 100.000000	
21.018600	 100.000000	
21.018600	 100.000000	
21.018600	 100.000000	
21.022300	 100.000000	
21.022300	 100.000000	
21.022300	 100.000000	
21.026000	 100.000000	
21.026000	 100.000000	
21.026000	 100.000000	
21.029700	 100.000000	
22.000000	 100.000000	
22.000000	 100.000000	
22.003700	 100.000000	
22.003700	 100.000000	
22.003700	 100.000000	
22.007400	 100.000000	
22.007400	 100.000000	
22.007400	 100.000000	
22.011100	 100.000000	
22.011100	 100.000000	
22.011100	 100.000000	
22.014800	 100.000000	
22.014800	 100.000000	
22.014800	 100.000000	
22.018600	 100.000000	
22.018600	 100.000000	
22.018600	 100.000000	
22.022300	 100.000000	
22.022300	 100.000000	
22.022300	 100.000000	
22.026000	 100.000000	
22.026000	 100.000000	
22.026000	 100.000000	
22.029700	 100.000000	
23.000000	 100.000000	
23.000000	 100.000000	
23.003700	 100.000000	
23.003700	 100.000000	
23.003700	 100.000000	
23.007400	 100.000000	
23.007400	 100.000000	
23.007400	 100.000000	
23.011100	 100.000000	
23.011100	 100.000000	
23.011100	 100.000000	
23.014800	 100.000000	
23.014800	 100.000000	
23.014800	 100.000000	
23.018600	 100.000000	
23.018600	 100.000000	
23.018600	 100.000000	
23.022300	 100.000000	
23.022300	 100.000000	
23.022300	 100.000000	
23.026000	 100.000000	
23.026000	 100.000000	
23.026000	 100.000000	
23.029700	 100.000000	
24.000000	 100.000000	
24.000000	 100.000000	
24.003700	 100.000000	
24.003700	 100.000000	
24.003700	 100.000000	
24.007400	 100.000000	
24.007400	 100.000000	
24.007400	 100.000000	
24.011100	 100.000000	
24.011100	 100.000000	
24.011100	 100.000000	
24.014800	 100.000000	
24.014800	 100.000000	
24.014800	 100.000000	
24.018600	 100.000000	
24.018600	 100.000000	
24.018600	 100.000000	
24.022300	 100.000000	
24.022300	 100.000000	
24.022300	 100.000000	
24.026000	 100.000000	
24.026000	 100.000000	
24.026000	 100.000000	
24.029700	 100.000000	
25.000000	 100.000000	
25.000000	 100.000000	
25.003700	 100.000000	
25.003700	 100.000000	
25.003700	 100.000000	
25.007400	 100.000000	
25.007400	 100.000000	
25.007400	 100.000000	
25.011100	 100.000000	
25.011100	 100.000000	
25.011100	 100.000000	
25.014800	 100.000000	
25.014800	 100.000000	
25.014800	 100.000000	
25.018600	 100.000000	
25.018600	 100.000000	
25.018600	 100.000000	
25.022300	 100.000000	
25.022300	 100.000000	
25.022300	 100.000000	
25.026000	 100.000000	
25.026000	 100.000000	
25.026000	 100.000000	
25.029700	 100.000000	
26.000000	 100.000000	
26.000000	 100.000000	
26.003700	 100.000000	
26.003700	 100.000000	
26.003700	 100.000000	
26.007400	 100.000000	
26.007400	 100.000000	
26.007400	 100.000000	
26.011100	 100.000000	
26.011100	 100.000000	
26.011100	 100.000000	
26.014800	 100.000000	
26.014800	 100.000000	
26.014800	 100.000000	
26.018600	 100.000000	
26.018600	 100.000000	
26.018600	 100.000000	
26.022300	 100.000000	
26.022300	 100.000000	
26.022300	 100.000000	
26.026000	 100.000000	
26.026000	 100.000000	
26.026000	 100.000000	
26.029700	 100.000000	
27.000000	 100.000000	
27.000000	 100.000000	
27.003700	 100.000000	
27.003700	 100.000000	
27.003700	 100.000000	
27.007400	 100.000000	
27.007400	 100.000000	
27.007400	 100.000000	
27.011100	 100.000000	
27.011100	 100.000000	
27.011100	 100.000000	
27.014800	 100.000000	
27.014800	 100.000000	
27.014800	 100.000000	
27.018600	 100.000000	
27.018600	 100.000000	
27.018600	 100.000000	
27.022300	 100.000000	
27.022300	 100.000000	
27.022300	 100.000000	
27.026000	 100.000000	
27.026000	 100.000000	
27.026000	 100.000000	
27.029700	 100.000000	
28.000000	 100.000000	
28.000000	 100.000000	
28.003700	 100.000000	
28.003700	 100.000000	
28.003700	 100.000000	
28.007400	 100.000000	
28.007400	 100.000000	
28.007400	 100.000000	
28.011100	 100.000000	
28.011100	 100.000000	
28.011100	 100.000000	
28.014800	 100.000000	
28.014800	 100.000000	
28.014800	 100.000000	
28.018600	 100.000000	
28.018600	 100.000000	
28.018600	 100.000000	
28.022300	 100.000000	
28.022300	 100.000000	
28.022300	 100.000000	
28.026000	 100.000000	
28.026000	 100.000000	
28.026000	 100.000000	
28.029700	 100.000000	
29.000000	 100.000000	
29.000000	 100.000000	
29.003700	 100.000000	
29.003700	 100.000000	
29.003700	 100.000000	
29.007400	 100.000000	
29.007400	 100.000000	
29.007400	 100.000000	
29.011100	 100.000000	
29.011100	 100.000000	
29.011100	 100.000000	
29.014800	 100.000000	
29.014800	 100.000000	
29.014800	 100.000000	
29.018600	 100.000000	
29.018600	 100.000000	
29.018600	 100.000000	
29.022300	 100.000000	
29.022300	 100.000000	
29.022300	 100.000000	
29.026000	 100.000000	
29.026000	 100.000000	
29.026000	 100.000000	
29.029700	 100.000000	
30.000000	 100.000000	
30.000000	 100.000000	
30.003700	 100.000000	
30.003700	 100.000000	
30.003700	 100.000000	
30.007400	 100.000000	
30.007400	 100.000000	
30.007400	 100.000000	
30.011100	 100.000000	
30.011100	 100.000000	
30.011100	 100.000000	
30.014800	 100.000000	
30.014800	 100.000000	
30.014800	 100.000000	
30.018600	 100.000000	
30.018600	 100.000000	
30.018600	 100.000000	
30.022300	 100.000000	
30.022300	 100.000000	
30.022300	 100.000000	
30.026000	 100.000000	
30.026000	 100.000000	
30.026000	 100.000000	
30.029700	 100.000000	
31.000000	 100.000000	
31.000000	 100.000000	
31.003700	 100.000000	
31.003700	 100.000000	
31.003700	 100.000000	
31.007400	 100.000000	
31.007400	 100.000000	
31.007400	 100.000000	
31.011100	 100.000000	
31.011100	 100.000000	
31.011100	 100.000000	
31.014800	 100.000000	
31.014800	 100.000000	
31.014800	 100.000000	
31.018600	 100.000000	
31.018600	 100.000000	
31.018600	 100.000000	
31.022300	 100.000000	
31.022300	 100.000000	
31.022300	 100.000000	
31.026000	 100.000000	
31.026000	 100.000000	
31.026000	 100.000000	
31.029700	 100.000000	
31.313800	 100.000000	
31.313800	 100.000000	
31.313800	 100.000000	
31.313800	 100.000000	
31.313800	 100.000000	
31.313800	 100.000000	
31.316100	 100.000000	
31.316100	 100.000000	
31.316100	 100.000000	
32.000000	 100.000000	
32.000000	 100.000000	
32.003700	 100.000000	
32.003700	 100.000000	
32.003700	 100.000000	
32.007400	 100.000000	
32.007400	 100.000000	
32.007400	 100.000000	
32.011100	 100.000000	
32.011100	 100.000000	
32.011100	 100.000000	
32.014800	 100.000000	
32.014800	 100.000000	
32.014800	 100.000000	
32.018600	 100.000000	
32.018600	 100.000000	
32.018600	 100.000000	
32.022300	 100.000000	
32.022300	 100.000000	
32.022300	 100.000000	
32.026000	 100.000000	
32.026000	 100.000000	
32.026000	 100.000000	
32.029700	 100.000000	
33.000000	 100.000000	
33.000000	 100.000000	
33.003700	 100.000000	
33.003700	 100.000000	
33.003700	 100.000000	
33.007400	 100.000000	
33.007400	 100.000000	
33.007400	 100.000000	
33.011100	 100.000000	
33.011100	 100.000000	
33.011100	 100.000000	
33.014800	 100.000000	
33.014800	 100.000000	
33.014800	 100.000000	
33.018600	 100.000000	
33.018600	 100.000000	
33.018600	 100.000000	
33.022300	 100.000000	
33.022300	 100.000000	
33.022300	 100.000000	
33.026000	 100.000000	
33.026000	 100.000000	
33.026000	 100.000000	
33.029700	 100.000000	
34.000000	 100.000000	
34.000000	 100.000000	
34.003700	 100.000000	
34.003700	 100.000000	
34.003700	 100.000000	
34.007400	 100.000000	
34.007400	 100.000000	
34.007400	 100.000000	
34.011100	 100.000000	
34.011100	 100.000000	
34.011100	 100.000000	
34.014800	 100.000000	
34.014800	 100.000000	
34.014800	 100.000000	
34.018600	 100.000000	
34.018600	 100.000000	
34.018600	 100.000000	
34.022300	 100.000000	
34.022300	 100.000000	
34.022300	 100.000000	
34.026000	 100.000000	
34.026000	 100.000000	
34.026000	 100.000000	
34.029700	 100.000000	
34.847800	 100.000000	
34.847800	 100.000000	
34.847800	 100.000000	
34.847800	 100.000000	
34.850100	 100.000000	
34.850100	 100.000000	
35.000000	 100.000000	
35.000000	 100.000000	
35.003700	 100.000000	
35.003700	 100.000000	
35.003700	 100.000000	
35.007400	 100.000000	
35.007400	 100.000000	
35.007400	 100.000000	
35.011100	 100.000000	
35.011100	 100.000000	
35.011100	 100.000000	
35.014800	 100.000000	
35.014800	 100.000000	
35.014800	 100.000000	
35.018600	 100.000000	
35.018600	 100.000000	
35.018600	 100.000000	
35.022300	 100.000000	
35.022300	 100.000000	
35.022300	 100.000000	
35.026000	 100.000000	
35.026000	 100.000000	
35.026000	 100.000000	
35.029700	 100.000000	
36.000000	 100.000000	
36.000000	 100.000000	
36.003700	 100.000000	
36.003700	 100.000000	
36.003700	 100.000000	
36.007400	 100.000000	
36.007400	 100.000000	
36.007400	 100.000000	
36.011100	 100.000000	
36.011100	 100.000000	
36.011100	 100.000000	
36.014800	 100.000000	
36.014800	 100.000000	
36.014800	 100.000000	
36.018600	 100.000000	
36.018600	 100.000000	
36.018600	 100.000000	
36.022300	 100.000000	
36.022300	 100.000000	
36.022300	 100.000000	
36.026000	 100.000000	
36.026000	 100.000000	
36.026000	 100.000000	
36.029700	 100.000000	
36.061000	 100.000000	
36.061000	 100.000000	
36.061000	 100.000000	
36.061000	 100.000000	
36.061000	 100.000000	
36.061000	 100.000000	
36.063300	 100.000000	
36.063300	 100.000000	
36.063300	 100.000000	
36.412200	 100.000000	
36.412200	 100.000000	
36.412200	 100.000000	
36.412200	 100.000000	
36.414400	 100.000000	
36.414400	 100.000000	
37.000000	 100.000000	
37.000000	 100.000000	
37.003700	 100.000000	
37.003700	 100.000000	
37.003700	 100.000000	
37.007400	 100.000000	
37.007400	 100.000000	
37.007400	 100.000000	
37.011100	 100.000000	
37.011100	 100.000000	
37.011100	 100.000000	
37.014800	 100.000000	
37.014800	 100.000000	
37.014800	 100.000000	
37.018600	 100.000000	
37.018600	 100.000000	
37.018600	 100.000000	
37.022300	 100.000000	
37.022300	 100.000000	
37.022300	 100.000000	
37.026000	 100.000000	
37.026000	 100.000000	
37.026000	 100.000000	
37.029700	 100.000000	
38.000000	 100.000000	
38.000000	 100.000000	
38.003700	 100.000000	
38.003700	 100.000000	
38.003700	 100.000000	
38.007400	 100.000000	
38.007400	 100.000000	
38.007400	 100.000000	
38.011100	 100.000000	
38.011100	 100.000000	
38.011100	 100.000000	
38.014800	 100.000000	
38.014800	 100.000000	
38.014800	 100.000000	
38.018600	 100.000000	
38.018600	 100.000000	
38.018600	 100.000000	
38.022300	 100.000000	
38.022300	 100.000000	
38.022300	 100.000000	
38.026000	 100.000000	
38.026000	 100.000000	
38.026000	 100.000000	
38.029700	 100.000000	
39.000000	 100.000000	
39.000000	 100.000000	
39.003700	 100.000000	
39.003700	 100.000000	
39.003700	 100.000000	
39.007400	 100.000000	
39.007400	 100.000000	
39.007400	 100.000000	
39.011100	 100.000000	
39.011100	 100.000000	
39.011100	 100.000000	
39.014800	 100.000000	
39.014800	 100.000000	
39.014800	 100.000000	
39.018600	 100.000000	
39.018600	 100.000000	
39.018600	 100.000000	
39.022300	 100.000000	
39.022300	 100.000000	
39.022300	 100.000000	
39.026000	 100.000000	
39.026000	 100.000000	
39.026000	 100.000000	
39.029700	 100.000000	
40.000000	 100.000000	
40.000000	 100.000000	
40.003700	 100.000000	
40.003700	 100.000000	
40.003700	 100.000000	
40.007400	 100.000000	
41.000000	 100.000000	
41.000000	 100.000000	
41.003700	 100.000000	
41.003700	 100.000000	
41.003700	 100.000000	
41.007400	 100.000000	
41.767600	 100.000000	
41.767600	 100.000000	
41.767600	 100.000000	
41.767600	 100.000000	
41.769700	 100.000000	
41.769700	 100.000000	
42.000000	 100.000000	
42.000000	 100.000000	
42.003700	 100.000000	
42.646400	 100.000000	
42.646400	 100.000000	
42.648600	 100.000000	
43.000000	 100.000000	
43.000000	 100.000000	
43.003700	 100.000000	
43.088000	 100.000000	
43.088000	 100.000000	
43.088000	 100.000000	
43.088000	 100.000000	
43.090200	 100.000000	
43.090200	 100.000000	
44.000000	 100.000000	
44.000000	 100.000000	
44.003700	 100.000000	
45.000000	 100.000000	
45.000000	 100.000000	
45.003700	 100.000000	
45.635000	 100.000000	
45.635000	 100.000000	
45.635000	 100.000000	
45.635000	 100.000000	
45.635000	 100.000000	
45.635000	 100.000000	
45.637200	 100.000000	
45.637200	 100.000000	
45.637200	 100.000000	
46.000000	 100.000000	
46.000000	 100.000000	
46.003700	 100.000000	
47.000000	 100.000000	
47.000000	 100.000000	
47.003700	 100.000000	
48.000000	 100.000000	
48.000000	 100.000000	
48.003700	 100.000000	
49.000000	 100.000000	
49.000000	 100.000000	
49.003700	 100.000000	
50.000000	 100.000000	
50.000000	 100.000000	
50.003700	 100.000000	
51.000000	 100.000000	
51.000000	 100.000000	
51.003700	 100.000000	
52.000000	 100.000000	
52.000000	 100.000000	
52.003700	 100.000000	
53.000000	 100.000000	
53.000000	 100.000000	
53.003700	 100.000000	
54.000000	 100.000000	
54.000000	 100.000000	
54.003700	 100.000000	
55.000000	 100.000000	
55.000000	 100.000000	
55.003700	 100.000000	
56.000000	 100.000000	
56.000000	 100.000000	
56.003700	 100.000000	
57.000000	 100.000000	
57.000000	 100.000000	
57.003700	 100.000000	
58.000000	 100.000000	
58.000000	 100.000000	
58.003700	 100.000000	
59.000000	 100.000000	
59.000000	 100.000000	
59.003700	 100.000000	
60.000000	 100.000000	
60.000000	 100.000000	
60.003700	 100.000000	
61.000000	 100.000000	
61.000000	 100.000000	
61.003700	 100.000000	
61.526200	 100.000000	
61.526200	 100.000000	
61.526200	 100.000000	
61.526200	 100.000000	
61.526200	 100.000000	
61.526200	 100.000000	
61.528500	 100.000000	
61.528500	 100.000000	
61.528500	 100.000000	
62.000000	 100.000000	
62.000000	 100.000000	
62.003700	 100.000000	
62.542500	 100.000000	
62.542500	 100.000000	
62.544700	 100.000000	
63.000000	 100.000000	
63.000000	 100.000000	
63.003700	 100.000000	
64.000000	 100.000000	
64.000000	 100.000000	
64.003700	 100.000000	
64.032900	 100.000000	
64.032900	 100.000000	
64.032900	 100.000000	
64.032900	 100.000000	
64.035000	 100.000000	
64.035000	 100.000000	
65.000000	 100.000000	
65.000000	 100.000000	
65.003700	 100.000000	
66.000000	 100.000000	
66.000000	 100.000000	
66.003700	 100.000000	
67.000000	 100.000000	
67.000000	 100.000000	
67.003700	 100.000000	
68.000000	 100.000000	
68.000000	 100.000000	
68.003700	 100.000000	
68.697600	 100.000000	
68.697600	 100.000000	
68.697600	 100.000000	
68.697600	 100.000000	
68.699900	 100.000000	
68.699900	 100.000000	
69.000000	 100.000000	
69.000000	 100.000000	
69.003700	 100.000000	
70.000000	 100.000000	
70.000000	 100.000000	
70.003700	 100.000000	
71.000000	 100.000000	
71.000000	 100.000000	
71.003700	 100.000000	
71.788000	 100.000000	
71.788000	 100.000000	
71.788000	 100.000000	
71.788000	 100.000000	
71.790200	 100.000000	
71.790200	 100.000000	
72.000000	 100.000000	
72.000000	 100.000000	
72.003700	 100.000000	
73.000000	 100.000000	
73.000000	 100.000000	
73.003700	 100.000000	
74.000000	 100.000000	
74.000000	 100.000000	
74.003700	 100.000000	
74.032400	 100.000000	
74.032400	 100.000000	
74.032400	 100.000000	
74.032400	 100.000000	
74.034600	 100.000000	
74.034600	 100.000000	
75.000000	 100.000000	
75.000000	 100.000000	
75.003700	 100.000000	
75.558300	 100.000000	
75.558300	 100.000000	
75.560500	 100.000000	
76.000000	 100.000000	
76.000000	 100.000000	
76.003700	 100.000000	
77.000000	 100.000000	
77.000000	 100.000000	
77.003700	 100.000000	
78.000000	 100.000000	
78.000000	 100.000000	
78.003700	 100.000000	
79.000000	 100.000000	
79.000000	 100.000000	
79.003700	 100.000000	
79.705000	 100.000000	
79.705000	 100.000000	
79.705000	 100.000000	
79.705000	 100.000000	
79.705000	 100.000000	
79.705000	 100.000000	
79.707100	 100.000000	
79.707100	 100.000000	
79.707100	 100.000000	
80.000000	 100.000000	
80.000000	 100.000000	
80.003700	 100.000000	
80.003700	 100.000000	
80.003700	 100.000000	
80.007400	 100.000000	
80.007400	 100.000000	
80.007400	 100.000000	
80.011100	 100.000000	
80.011100	 100.000000	
80.011100	 100.000000	
80.014800	 100.000000	
80.014800	 100.000000	
80.014800	 100.000000	
80.018600	 100.000000	
80.018600	 100.000000	
80.018600	 100.000000	
80.022300	 100.000000	
80.022300	 100.000000	
80.022300	 100.000000	
80.026000	 100.000000	
80.026000	 100.000000	
80.026000	 100.000000	
80.029700	 100.000000	
81.000000	 100.000000	
81.000000	 100.000000	
81.003700	 100.000000	
81.003700	 100.000000	
81.003700	 100.000000	
81.007400	 100.000000	
81.007400	 100.000000	
81.007400	 100.000000	
81.011100	 100.000000	
81.011100	 100.000000	
81.011100	 100.000000	
81.014800	 100.000000	
81.014800	 100.000000	
81.014800	 100.000000	
81.018600	 100.000000	
81.018600	 100.000000	
81.018600	 100.000000	
81.022300	 100.000000	
81.022300	 100.000000	
81.022300	 100.000000	
81.026000	 100.000000	
81.026000	 100.000000	
81.026000	 100.000000	
81.029700	 100.000000	
81.684600	 100.000000	
81.684600	 100.000000	
81.684600	 100.000000	
81.684600	 100.000000	
81.686700	 100.000000	
81.686700	 100.000000	
82.000000	 100.000000	
82.000000	 100.000000	
82.003700	 100.000000	
82.003700	 100.000000	
82.003700	 100.000000	
82.007400	 100.000000	
82.007400	 100.000000	
82.007400	 100.000000	
82.011100	 100.000000	
82.011100	 100.000000	
82.011100	 100.000000	
82.014800	 100.000000	
82.014800	 100.000000	
82.014800	 100.000000	
82.018600	 100.000000	
82.018600	 100.000000	
82.018600	 100.000000	
82.022300	 100.000000	
82.022300	 100.000000	
82.022300	 100.000000	
82.026000	 100.000000	
82.026000	 100.000000	
82.026000	 100.000000	
82.029700	 100.000000	
82.986400	 100.000000	
82.986400	 100.000000	
82.986400	 100.000000	
82.986400	 100.000000	
82.988500	 100.000000	
82.988500	 100.000000	
83.000000	 100.000000	
83.000000	 100.000000	
83.003700	 100.000000	
83.003700	 100.000000	
83.003700	 100.000000	
83.007400	 100.000000	
83.007400	 100.000000	
83.007400	 100.000000	
83.011100	 100.000000	
83.011100	 100.000000	
83.011100	 100.000000	
83.014800	 100.000000	
83.014800	 100.000000	
83.014800	 100.000000	
83.018600	 100.000000	
83.018600	 100.000000	
83.018600	 100.000000	
83.022300	 100.000000	
83.022300	 100.000000	
83.022300	 100.000000	
83.026000	 100.000000	
83.026000	 100.000000	
83.026000	 100.000000	
83.029700	 100.000000	
84.000000	 100.000000	
84.000000	 100.000000	
84.003700	 100.000000	
84.003700	 100.000000	
84.003700	 100.000000	
84.007400	 100.000000	
84.007400	 100.000000	
84.007400	 100.000000	
84.011100	 100.000000	
84.011100	 100.000000	
84.011100	 100.000000	
84.014800	 100.000000	
84.014800	 100.000000	
84.014800	 100.000000	
84.018600	 100.000000	
84.018600	 100.000000	
84.018600	 100.000000	
84.022300	 100.000000	
84.022300	 100.000000	
84.022300	 100.000000	
84.026000	 100.000000	
84.026000	 100.000000	
84.026000	 100.000000	
84.029700	 100.000000	
85.000000	 100.000000	
85.000000	 100.000000	
85.003700	 100.000000	
85.003700	 100.000000	
85.003700	 100.000000	
85.007400	 100.000000	
85.007400	 100.000000	
85.007400	 100.000000	
85.011100	 100.000000	
85.011100	 100.000000	
85.011100	 100.000000	
85.014800	 100.000000	
85.014800	 100.000000	
85.014800	 100.000000	
85.018600	 100.000000	
85.018600	 100.000000	
85.018600	 100.000000	
85.022300	 100.000000	
85.022300	 100.000000	
85.022300	 100.000000	
85.026000	 100.000000	
85.026000	 100.000000	
85.026000	 100.000000	
85.029700	 100.000000	
86.000000	 100.000000	
86.000000	 100.000000	
86.003700	 100.000000	
86.003700	 100.000000	
86.003700	 100.000000	
86.007400	 100.000000	
86.007400	 100.000000	
86.007400	 100.000000	
86.011100	 100.000000	
86.011100	 100.000000	
86.011100	 100.000000	
86.014800	 100.000000	
86.014800	 100.000000	
86.014800	 100.000000	
86.018600	 100.000000	
86.018600	 100.000000	
86.018600	 100.000000	
86.022300	 100.000000	
86.022300	 100.000000	
86.022300	 100.000000	
86.026000	 100.000000	
86.026000	 100.000000	
86.026000	 100.000000	
86.029700	 100.000000	
87.000000	 100.000000	
87.000000	 100.000000	
87.003700	 100.000000	
87.003700	 100.000000	
87.003700	 100.000000	
87.007400	 100.000000	
87.007400	 100.000000	
87.007400	 100.000000	
87.011100	 100.000000	
87.011100	 100.000000	
87.011100	 100.000000	
87.014800	 100.000000	
87.014800	 100.000000	
87.014800	 100.000000	
87.018600	 100.000000	
87.018600	 100.000000	
87.018600	 100.000000	
87.022300	 100.000000	
87.022300	 100.000000	
87.022300	 100.000000	
87.026000	 100.000000	
87.026000	 100.000000	
87.026000	 100.000000	
87.029700	 100.000000	
88.000000	 100.000000	
88.000000	 100.000000	
88.003700	 100.000000	
88.003700	 100.000000	
88.003700	 100.000000	
88.007400	 100.000000	
88.007400	 100.000000	
88.007400	 100.000000	
88.011100	 100.000000	
88.011100	 100.000000	
88.011100	 100.000000	
88.014800	 100.000000	
88.014800	 100.000000	
88.014800	 100.000000	
88.018600	 100.000000	
88.018600	 100.000000	
88.018600	 100.000000	
88.022300	 100.000000	
88.022300	 100.000000	
88.022300	 100.000000	
88.026000	 100.000000	
88.026000	 100.000000	
88.026000	 100.000000	
88.029700	 100.000000	
89.000000	 100.000000	
89.000000	 100.000000	
89.003700	 100.000000	
89.003700	 100.000000	
89.003700	 100.000000	
89.007400	 100.000000	
89.007400	 100.000000	
89.007400	 100.000000	
89.011100	 100.000000	
89.011100	 100.000000	
89.011100	 100.000000	
89.014800	 100.000000	
89.014800	 100.000000	
89.014800	 100.000000	
89.018600	 100.000000	
89.018600	 100.000000	
89.018600	 100.000000	
89.022300	 100.000000	
89.022300	 100.000000	
89.022300	 100.000000	
89.026000	 100.000000	
89.026000	 100.000000	
89.026000	 100.000000	
89.029700	 100.000000	
90.000000	 100.000000	
90.000000	 100.000000	
90.003700	 100.000000	
90.003700	 100.000000	
90.003700	 100.000000	
90.007400	 100.000000	
90.007400	 100.000000	
90.007400	 100.000000	
90.011100	 100.000000	
90.011100	 100.000000	
90.011100	 100.000000	
90.014800	 100.000000	
90.014800	 100.000000	
90.014800	 100.000000	
90.018600	 100.000000	
90.018600	 100.000000	
90.018600	 100.000000	
90.022300	 100.000000	
90.022300	 100.000000	
90.022300	 100.000000	
90.026000	 100.000000	
90.026000	 100.000000	
90.026000	 100.000000	
90.029700	 100.000000	
91.000000	 100.000000	
91.000000	 100.000000	
91.003700	 100.000000	
91.003700	 100.000000	
91.003700	 100.000000	
91.007400	 100.000000	
91.007400	 100.000000	
91.007400	 100.000000	
91.011100	 100.000000	
91.011100	 100.000000	
91.011100	 100.000000	
91.014800	 100.000000	
91.014800	 100.000000	
91.014800	 100.000000	
91.018600	 100.000000	
91.018600	 100.000000	
91.018600	 100.000000	
91.022300	 100.000000	
91.022300	 100.000000	
91.022300	 100.000000	
91.026000	 100.000000	
91.026000	 100.000000	
91.026000	 100.000000	
91.029700	 100.000000	
92.000000	 100.000000	
92.000000	 100.000000	
92.003700	 100.000000	
92.003700	 100.000000	
92.003700	 100.000000	
92.007400	 100.000000	
92.007400	 100.000000	
92.007400	 100.000000	
92.011100	 100.000000	
92.011100	 100.000000	
92.011100	 100.000000	
92.014800	 100.000000	
92.014800	 100.000000	
92.014800	 100.000000	
92.018600	 100.000000	
92.018600	 100.000000	
92.018600	 100.000000	
92.022300	 100.000000	
92.022300	 100.000000	
92.022300	 100.000000	
92.026000	 100.000000	
92.026000	 100.000000	
92.026000	 100.000000	
92.029700	 100.000000	
93.000000	 100.000000	
93.000000	 100.000000	
93.003700	 100.000000	
93.003700	 100.000000	
93.003700	 100.000000	
93.007400	 100.000000	
93.007400	 100.000000	
93.007400	 100.000000	
93.011100	 100.000000	
93.011100	 100.000000	
93.011100	 100.000000	
93.014800	 100.000000	
93.014800	 100.000000	
93.014800	 100.000000	
93.018600	 100.000000	
93.018600	 100.000000	
93.018600	 100.000000	
93.022300	 100.000000	
93.022300	 100.000000	
93.022300	 100.000000	
93.026000	 100.000000	
93.026000	 100.000000	
93.026000	 100.000000	
93.029700	 100.000000	
94.000000	 100.000000	
94.000000	 100.000000	
94.003700	 100.000000	
94.003700	 100.000000	
94.003700	 100.000000	
94.007400	 100.000000	
94.007400	 100.000000	
94.007400	 100.000000	
94.011100	 100.000000	
94.011100	 100.000000	
94.011100	 100.000000	
94.014800	 100.000000	
94.014800	 100.000000	
94.014800	 100.000000	
94.018600	 100.000000	
94.018600	 100.000000	
94.018600	 100.000000	
94.022300	 100.000000	
94.022300	 100.000000	
94.022300	 100.000000	
94.026000	 100.000000	
94.026000	 100.000000	
94.026000	 100.000000	
94.029700	 100.000000	
95.000000	 100.000000	
95.000000	 100.000000	
95.003700	 100.000000	
95.003700	 100.000000	
95.003700	 100.000000	
95.007400	 100.000000	
95.007400	 100.000000	
95.007400	 100.000000	
95.011100	 100.000000	
95.011100	 100.000000	
95.011100	 100.000000	
95.014800	 100.000000	
95.014800	 100.000000	
95.014800	 100.000000	
95.018600	 100.000000	
95.018600	 100.000000	
95.018600	 100.000000	
95.022300	 100.000000	
95.022300	 100.000000	
95.022300	 100.000000	
95.026000	 100.000000	
95.026000	 100.000000	
95.026000	 100.000000	
95.029700	 100.000000	
96.000000	 100.000000	
96.000000	 100.000000	
96.003700	 100.000000	
96.003700	 100.000000	
96.003700	 100.000000	
96.007400	 100.000000	
96.007400	 100.000000	
96.007400	 100.000000	
96.011100	 100.000000	
96.011100	 100.000000	
96.011100	 100.000000	
96.014800	 100.000000	
96.014800	 100.000000	
96.014800	 100.000000	
96.018600	 100.000000	
96.018600	 100.000000	
96.018600	 100.000000	
96.022300	 100.000000	
96.022300	 100.000000	
96.022300	 100.000000	
96.026000	 100.000000	
96.026000	 100.000000	
96.026000	 100.000000	
96.029700	 100.000000	
97.000000	 100.000000	
97.000000	 100.000000	
97.003700	 100.000000	
97.003700	 100.000000	
97.003700	 100.000000	
97.007400	 100.000000	
97.007400	 100.000000	
97.007400	 100.000000	
97.011100	 100.000000	
97.011100	 100.000000	
97.011100	 100.000000	
97.014800	 100.000000	
97.014800	 100.000000	
97.014800	 100.000000	
97.018600	 100.000000	
97.018600	 100.000000	
97.018600	 100.000000	
97.022300	 100.000000	
97.022300	 100.000000	
97.022300	 100.000000	
97.026000	 100.000000	
97.026000	 100.000000	
97.026000	 100.000000	
97.029700	 100.000000	
97.225000	 100.000000	
97.225000	 100.000000	
97.225000	 100.000000	
97.225000	 100.000000	
97.225000	 100.000000	
97.225000	 100.000000	
97.227300	 100.000000	
97.227300	 100.000000	
97.227300	 100.000000	
98.000000	 100.000000	
98.000000	 100.000000	
98.003700	 100.000000	
98.003700	 100.000000	
98.003700	 100.000000	
98.007400	 100.000000	
98.007400	 100.000000	
98.007400	 100.000000	
98.011100	 100.000000	
98.011100	 100.000000	
98.011100	 100.000000	
98.014800	 100.000000	
98.014800	 100.000000	
98.014800	 100.000000	
98.018600	 100.000000	
98.018600	 100.000000	
98.018600	 100.000000	
98.022300	 100.000000	
98.022300	 100.000000	
98.022300	 100.000000	
98.026000	 100.000000	
98.026000	 100.000000	
98.026000	 100.000000	
98.029700	 100.000000	
99.000000	 100.000000	
99.000000	 100.000000	
99.003700	 100.000000	
99.003700	 100.000000	
99.003700	 100.000000	
99.007400	 100.000000	
99.007400	 100.000000	
99.007400	 100.000000	
99.011100	 100.000000	
99.011100	 100.000000	
99.011100	 100.000000	
99.014800	 100.000000	
99.014800	 100.000000	
99.014800	 100.000000	
99.018600	 100.000000	
99.018600	 100.000000	
99.018600	 100.000000	
99.022300	 100.000000	
99.022300	 100.000000	
99.022300	 100.000000	
99.026000	 100.000000	
99.026000	 100.000000	
99.026000	 100.000000	
99.029700	 100.000000	
100.000000	 100.000000	
100.000000	 100.000000	
100.004000	 100.000000	
100.004000	 100.000000	
100.004000	 100.000000	
100.007000	 100.000000	
100.007000	 100.000000	
100.007000	 100.000000	
100.011000	 100.000000	
100.011000	 100.000000	
100.011000	 100.000000	
100.015000	 100.000000	
100.015000	 100.000000	
100.015000	 100.000000	
100.019000	 100.000000	
100.019000	 100.000000	
100.019000	 100.000000	
100.022000	 100.000000	
100.022000	 100.000000	
100.022000	 100.000000	
100.026000	 100.000000	
100.026000	 100.000000	
100.026000	 100.000000	
100.030000	 100.000000	
100.445000	 100.000000	
100.445000	 100.000000	
100.447000	 100.000000	
101.000000	 100.000000	
101.000000	 100.000000	
101.004000	 100.000000	
101.004000	 100.000000	
101.004000	 100.000000	
101.007000	 100.000000	
101.007000	 100.000000	
101.007000	 100.000000	
101.011000	 100.000000	
101.011000	 100.000000	
101.011000	 100.000000	
101.015000	 100.000000	
101.015000	 100.000000	
101.015000	 100.000000	
101.019000	 100.000000	
101.019000	 100.000000	
101.019000	 100.000000	
101.022000	 100.000000	
101.022000	 100.000000	
101.022000	 100.000000	
101.026000	 100.000000	
101.026000	 100.000000	
101.026000	 100.000000	
101.030000	 100.000000	
102.000000	 100.000000	
102.000000	 100.000000	
102.004000	 100.000000	
102.004000	 100.000000	
102.004000	 100.000000	
102.007000	 100.000000	
102.007000	 100.000000	
102.007000	 100.000000	
102.011000	 100.000000	
102.011000	 100.000000	
102.011000	 100.000000	
102.015000	 100.000000	
102.015000	 100.000000	
102.015000	 100.000000	
102.019000	 100.000000	
102.019000	 100.000000	
102.019000	 100.000000	
102.022000	 100.000000	
102.022000	 100.000000	
102.022000	 100.000000	
102.026000	 100.000000	
102.026000	 100.000000	
102.026000	 100.000000	
102.030000	 100.000000	
103.000000	 100.000000	
103.000000	 100.000000	
103.004000	 100.000000	
103.004000	 100.000000	
103.004000	 100.000000	
103.007000	 100.000000	
103.007000	 100.000000	
103.007000	 100.000000	
103.011000	 100.000000	
103.011000	 100.000000	
103.011000	 100.000000	
103.015000	 100.000000	
103.015000	 100.000000	
103.015000	 100.000000	
103.019000	 100.000000	
103.019000	 100.000000	
103.019000	 100.000000	
103.022000	 100.000000	
103.022000	 100.000000	
103.022000	 100.000000	
103.026000	 100.000000	
103.026000	 100.000000	
103.026000	 100.000000	
103.030000	 100.000000	
104.000000	 100.000000	
104.000000	 100.000000	
104.004000	 100.000000	
104.004000	 100.000000	
104.004000	 100.000000	
104.007000	 100.000000	
104.007000	 100.000000	
104.007000	 100.000000	
104.011000	 100.000000	
104.011000	 100.000000	
104.011000	 100.000000	
104.015000	 100.000000	
104.015000	 100.000000	
104.015000	 100.000000	
104.019000	 100.000000	
104.019000	 100.000000	
104.019000	 100.000000	
104.022000	 100.000000	
104.022000	 100.000000	
104.022000	 100.000000	
104.026000	 100.000000	
104.026000	 100.000000	
104.026000	 100.000000	
104.030000	 100.000000	
104.972000	 100.000000	
104.972000	 100.000000	
104.972000	 100.000000	
104.972000	 100.000000	
104.974000	 100.000000	
104.974000	 100.000000	
105.000000	 100.000000	
105.000000	 100.000000	
105.004000	 100.000000	
105.004000	 100.000000	
105.004000	 100.000000	
105.007000	 100.000000	
105.007000	 100.000000	
105.007000	 100.000000	
105.011000	 100.000000	
105.011000	 100.000000	
105.011000	 100.000000	
105.015000	 100.000000	
105.015000	 100.000000	
105.015000	 100.000000	
105.019000	 100.000000	
105.019000	 100.000000	
105.019000	 100.000000	
105.022000	 100.000000	
105.022000	 100.000000	
105.022000	 100.000000	
105.026000	 100.000000	
105.026000	 100.000000	
105.026000	 100.000000	
105.030000	 100.000000	
106.000000	 100.000000	
106.000000	 100.000000	
106.004000	 100.000000	
106.004000	 100.000000	
106.004000	 100.000000	
106.007000	 100.000000	
106.007000	 100.000000	
106.007000	 100.000000	
106.011000	 100.000000	
106.011000	 100.000000	
106.011000	 100.000000	
106.015000	 100.000000	
106.015000	 100.000000	
106.015000	 100.000000	
106.019000	 100.000000	
106.019000	 100.000000	
106.019000	 100.000000	
106.022000	 100.000000	
106.022000	 100.000000	
106.022000	 100.000000	
106.026000	 100.000000	
106.026000	 100.000000	
106.026000	 100.000000	
106.030000	 100.000000	
106.260000	 100.000000	
106.260000	 100.000000	
106.262000	 100.000000	
107.000000	 100.000000	
107.000000	 100.000000	
107.004000	 100.000000	
107.004000	 100.000000	
107.004000	 100.000000	
107.007000	 100.000000	
107.007000	 100.000000	
107.007000	 100.000000	
107.011000	 100.000000	
107.011000	 100.000000	
107.011000	 100.000000	
107.015000	 100.000000	
107.015000	 100.000000	
107.015000	 100.000000	
107.019000	 100.000000	
107.019000	 100.000000	
107.019000	 100.000000	
107.022000	 100.000000	
107.022000	 100.000000	
107.022000	 100.000000	
107.026000	 100.000000	
107.026000	 100.000000	
107.026000	 100.000000	
107.030000	 100.000000	
107.161000	 100.000000	
107.161000	 100.000000	
107.161000	 100.000000	
107.161000	 100.000000	
107.163000	 100.000000	
107.163000	 100.000000	
108.000000	 100.000000	
108.000000	 100.000000	
108.004000	 100.000000	
108.004000	 100.000000	
108.004000	 100.000000	
108.007000	 100.000000	
108.007000	 100.000000	
108.007000	 100.000000	
108.011000	 100.000000	
108.011000	 100.000000	
108.011000	 100.000000	
108.015000	 100.000000	
108.015000	 100.000000	
108.015000	 100.000000	
108.019000	 100.000000	
108.019000	 100.000000	
108.019000	 100.000000	
108.022000	 100.000000	
108.022000	 100.000000	
108.022000	 100.000000	
108.026000	 100.000000	
108.026000	 100.000000	
108.026000	 100.000000	
108.030000	 100.000000	
109.000000	 100.000000	
109.000000	 100.000000	
109.004000	 100.000000	
109.004000	 100.000000	
109.004000	 100.000000	
109.007000	 100.000000	
109.007000	 100.000000	
109.007000	 100.000000	
109.011000	 100.000000	
109.011000	 100.000000	
109.011000	 100.000000	
109.015000	 100.000000	
109.015000	 100.000000	
109.015000	 100.000000	
109.019000	 100.000000	
109.019000	 100.000000	
109.019000	 100.000000	
109.022000	 100.000000	
109.022000	 100.000000	
109.022000	 100.000000	
109.026000	 100.000000	
109.026000	 100.000000	
109.026000	 100.000000	
109.030000	 100.000000	
130.226000	 100.000000	
130.226000	 100.000000	
130.226000	 100.000000	
130.226000	 100.000000	
130.226000	 100.000000	
130.226000	 100.000000	
130.228000	 100.000000	
130.228000	 100.000000	
130.228000	 100.000000	
